0 0.617500 12574720
1 15.793700 3143680
2 0.014400 785408
3 0.006600 196096
4 0.005500 48896
5 0.005000 12160
6 0.006400 3008
7 0.005600 736
8 0.004000 176
9 0.003900 40
10 0.004800 8
11 0.004200 2
12 0.009400 1
0 0.270200 12574720
1 0.158600 3143680
2 0.005300 785408
3 0.002700 196096
4 0.002100 48896
5 0.003000 12160
6 0.002800 3008
7 0.002200 736
8 0.002500 176
9 0.002100 40
10 0.002100 8
11 0.002300 2
12 0.002800 1
0 0.041400 12574720
1 8.992300 3143680
2 0.014800 785408
3 0.006800 196096
4 0.004500 48896
5 0.005700 12160
6 0.006900 3008
7 0.004200 736
8 0.005000 176
9 0.003600 40
10 0.004500 8
11 0.003600 2
12 0.003400 1
0 0.037200 12574720
1 0.013100 3143680
2 0.006700 785408
3 0.006800 196096
4 0.006100 48896
5 0.003700 12160
6 0.005700 3008
7 0.003800 736
8 0.003300 176
9 0.002900 40
10 0.003000 8
11 0.003900 2
12 0.002800 1
0 0.043900 12574720
1 0.015400 3143680
2 0.003400 785408
3 0.002600 196096
4 0.002500 48896
5 0.002400 12160
6 0.001800 3008
7 0.002100 736
8 0.001900 176
9 0.004100 40
10 0.002400 8
11 0.002000 2
12 0.002200 1
0 0.028900 12574720
1 0.010000 3143680
2 0.005100 785408
3 0.008500 196096
4 0.007100 48896
5 0.006300 12160
6 0.005800 3008
7 0.004100 736
8 0.004800 176
9 0.003200 40
10 0.007300 8
11 0.005300 2
12 0.005400 1
0 0.037700 12574720
1 9.497300 3143680
2 0.011000 785408
3 0.010000 196096
4 0.005500 48896
5 0.005000 12160
6 0.005000 3008
7 0.007000 736
8 0.006200 176
9 0.003400 40
10 0.003300 8
11 0.006300 2
12 0.006100 1
0 0.041600 12574720
1 0.016700 3143680
2 0.005400 785408
3 0.003900 196096
4 0.010600 48896
5 0.005600 12160
6 0.005800 3008
7 0.005600 736
8 0.004400 176
9 0.004400 40
10 0.004100 8
11 0.004200 2
12 0.004400 1
0 0.260400 12574720
1 9.378700 3143680
2 0.011900 785408
3 0.008100 196096
4 0.004800 48896
5 0.004300 12160
6 0.003900 3008
7 0.004100 736
8 0.004500 176
9 0.003700 40
10 0.003300 8
11 0.002500 2
12 0.002300 1
0 0.324700 12574720
1 0.229500 3143680
2 0.005600 785408
3 0.004300 196096
4 0.005900 48896
5 0.003900 12160
6 0.003200 3008
7 0.005000 736
8 0.003400 176
9 0.004200 40
10 0.004100 8
11 0.003500 2
12 0.004300 1
0 0.029800 12574720
1 0.012700 3143680
2 0.007100 785408
3 0.007800 196096
4 0.004500 48896
5 0.003700 12160
6 0.003600 3008
7 0.003800 736
8 0.004200 176
9 0.003300 40
10 0.003200 8
11 0.004000 2
12 0.002900 1
0 0.029100 12574720
1 10.591400 3143680
2 0.014200 785408
3 0.007500 196096
4 0.006300 48896
5 0.008500 12160
6 0.009200 3008
7 0.005200 736
8 0.008400 176
9 0.007500 40
10 0.003600 8
11 0.004300 2
12 0.005900 1
0 0.031700 12574720
1 0.010600 3143680
2 0.004100 785408
3 0.003600 196096
4 0.002900 48896
5 0.006500 12160
6 0.004600 3008
7 0.006200 736
8 0.004800 176
9 0.004100 40
10 0.003700 8
11 0.003600 2
12 0.008300 1
0 0.041200 12574720
1 8.305900 3143680
2 0.014100 785408
3 0.009300 196096
4 0.006900 48896
5 0.005900 12160
6 0.004100 3008
7 0.004900 736
8 0.004000 176
9 0.004400 40
10 0.005500 8
11 0.004100 2
12 0.005700 1
0 0.046900 12574720
1 0.018200 3143680
2 0.012500 785408
3 0.007600 196096
4 0.010300 48896
5 0.014900 12160
6 0.013900 3008
7 0.012200 736
8 0.007800 176
9 0.009100 40
10 0.007100 8
11 0.018800 2
12 0.009700 1
0 0.029400 12574720
1 20.348400 3143680
2 0.017600 785408
3 0.008600 196096
4 0.008500 48896
5 0.005100 12160
6 0.010500 3008
7 0.010300 736
8 0.004800 176
9 0.005400 40
10 0.002900 8
11 0.002400 2
12 0.002500 1
0 0.039400 12574720
1 0.015100 3143680
2 0.004200 785408
3 0.003400 196096
4 0.003100 48896
5 0.002800 12160
6 0.002200 3008
7 0.002800 736
8 0.003100 176
9 0.003400 40
10 0.003100 8
11 0.006200 2
12 0.005000 1
0 0.279200 12574720
1 0.196000 3143680
2 0.010500 785408
3 0.004900 196096
4 0.003200 48896
5 0.002500 12160
6 0.002700 3008
7 0.002100 736
8 0.002400 176
9 0.001900 40
10 0.002100 8
11 0.002400 2
12 0.002300 1
0 0.355800 12574720
1 0.492100 3143680
2 0.014500 785408
3 0.010100 196096
4 0.006600 48896
5 0.010500 12160
6 0.007300 3008
7 0.011500 736
8 0.007800 176
9 0.009400 40
10 0.007700 8
11 0.009300 2
12 0.010000 1
0 0.364200 12574720
1 0.348700 3143680
2 0.008500 785408
3 0.007200 196096
4 0.010200 48896
5 0.009400 12160
6 0.006700 3008
7 0.005500 736
8 0.010000 176
9 0.005700 40
10 0.006500 8
11 0.004600 2
12 0.007100 1
0 0.042500 12574720
1 0.011900 3143680
2 0.014200 785408
3 0.008100 196096
4 0.007300 48896
5 0.007700 12160
6 0.004400 3008
7 0.006100 736
8 0.005300 176
9 0.004700 40
10 0.004800 8
11 0.007900 2
12 0.004300 1
0 0.032300 12574720
1 0.015800 3143680
2 0.007200 785408
3 0.004700 196096
4 0.005200 48896
5 0.004800 12160
6 0.007800 3008
7 0.004900 736
8 0.006100 176
9 0.006000 40
10 0.006400 8
11 0.017000 2
12 0.009800 1
0 0.046000 12574720
1 0.015800 3143680
2 0.003500 785408
3 0.007200 196096
4 0.006600 48896
5 0.004300 12160
6 0.004600 3008
7 0.004100 736
8 0.003700 176
9 0.003700 40
10 0.002500 8
11 0.002800 2
12 0.003600 1
0 0.040900 12574720
1 0.012800 3143680
2 0.008700 785408
3 0.008200 196096
4 0.005400 48896
5 0.003300 12160
6 0.004800 3008
7 0.003600 736
8 0.008900 176
9 0.007700 40
10 0.004200 8
11 0.004300 2
12 0.005300 1
0 0.392400 12574720
1 0.227200 3143680
2 0.006500 785408
3 0.004500 196096
4 0.003200 48896
5 0.003600 12160
6 0.003300 3008
7 0.003600 736
8 0.005300 176
9 0.003200 40
10 0.003200 8
11 0.002800 2
12 0.003200 1
0 0.028100 12574720
1 0.019600 3143680
2 0.008600 785408
3 0.008800 196096
4 0.012400 48896
5 0.011600 12160
6 0.008400 3008
7 0.007200 736
8 0.005900 176
9 0.005000 40
10 0.006800 8
11 0.006000 2
12 0.006200 1
0 0.109300 12574720
1 0.014500 3143680
2 0.008000 785408
3 0.004000 196096
4 0.005400 48896
5 0.003800 12160
6 0.003200 3008
7 0.003400 736
8 0.003300 176
9 0.003400 40
10 0.003600 8
11 0.003600 2
12 0.013700 1
0 0.232700 12574720
1 0.176400 3143680
2 0.004800 785408
3 0.003500 196096
4 0.002400 48896
5 0.002200 12160
6 0.002500 3008
7 0.002000 736
8 0.002100 176
9 0.002100 40
10 0.002300 8
11 0.001700 2
12 0.001900 1
0 0.254300 12574720
1 0.220400 3143680
2 0.007600 785408
3 0.004500 196096
4 0.003800 48896
5 0.003900 12160
6 0.003700 3008
7 0.004000 736
8 0.003700 176
9 0.005600 40
10 0.004900 8
11 0.003500 2
12 0.003400 1
0 0.329000 12574720
1 0.268000 3143680
2 0.007500 785408
3 0.005300 196096
4 0.003200 48896
5 0.004500 12160
6 0.003800 3008
7 0.005500 736
8 0.004000 176
9 0.004000 40
10 0.004900 8
11 0.003700 2
12 0.004300 1
0 0.051800 12574720
1 0.016700 3143680
2 0.005600 785408
3 0.003200 196096
4 0.004200 48896
5 0.018300 12160
6 0.020900 3008
7 0.015000 736
8 0.014300 176
9 0.014100 40
10 0.011400 8
11 0.014800 2
12 0.009500 1
0 0.042100 12574720
1 0.014900 3143680
2 0.005200 785408
3 0.003800 196096
4 0.004500 48896
5 0.004700 12160
6 0.002900 3008
7 0.006200 736
8 0.005600 176
9 0.004600 40
10 0.004200 8
11 0.003700 2
12 0.003700 1
0 0.091000 12574720
1 0.011400 3143680
2 0.005600 785408
3 0.004300 196096
4 0.003300 48896
5 0.003000 12160
6 0.002500 3008
7 0.003100 736
8 0.005000 176
9 0.003900 40
10 0.004600 8
11 0.005300 2
12 0.008700 1
0 0.039200 12574720
1 0.011900 3143680
2 0.005000 785408
3 0.004900 196096
4 0.007400 48896
5 0.007100 12160
6 0.006200 3008
7 0.004700 736
8 0.004600 176
9 0.003600 40
10 0.003200 8
11 0.003300 2
12 0.006200 1
0 0.031200 12574720
1 0.011500 3143680
2 0.007500 785408
3 0.005700 196096
4 0.004500 48896
5 0.010400 12160
6 0.007000 3008
7 0.007000 736
8 0.005300 176
9 0.006600 40
10 0.007500 8
11 0.006000 2
12 0.007800 1
0 0.096900 12574720
1 0.014700 3143680
2 0.003700 785408
3 0.009800 196096
4 0.004900 48896
5 0.003400 12160
6 0.004200 3008
7 0.003700 736
8 0.003100 176
9 0.003900 40
10 0.004500 8
11 0.004600 2
12 0.003800 1
0 0.028500 12574720
1 0.011600 3143680
2 0.004800 785408
3 0.004400 196096
4 0.007600 48896
5 0.006400 12160
6 0.004900 3008
7 0.004000 736
8 0.004000 176
9 0.003600 40
10 0.003400 8
11 0.006100 2
12 0.003500 1
0 0.030200 12574720
1 0.010100 3143680
2 0.004800 785408
3 0.004500 196096
4 0.003700 48896
5 0.003600 12160
6 0.002700 3008
7 0.003200 736
8 0.003300 176
9 0.003600 40
10 0.003700 8
11 0.003300 2
12 0.003300 1
0 0.030900 12574720
1 0.014600 3143680
2 0.007200 785408
3 0.004500 196096
4 0.007800 48896
5 0.005400 12160
6 0.003700 3008
7 0.003900 736
8 0.003900 176
9 0.004600 40
10 0.003400 8
11 0.003700 2
12 0.004900 1
0 0.065600 12574720
1 0.011300 3143680
2 0.006300 785408
3 0.005000 196096
4 0.003600 48896
5 0.004200 12160
6 0.003700 3008
7 0.006400 736
8 0.005400 176
9 0.004500 40
10 0.006200 8
11 0.004000 2
12 0.004600 1
0 0.034200 12574720
1 0.011600 3143680
2 0.005000 785408
3 0.007100 196096
4 0.003700 48896
5 0.004300 12160
6 0.004200 3008
7 0.004200 736
8 0.003500 176
9 0.003600 40
10 0.004000 8
11 0.003500 2
12 0.006600 1
0 0.039300 12574720
1 0.016100 3143680
2 0.005200 785408
3 0.004300 196096
4 0.008100 48896
5 0.006100 12160
6 0.004600 3008
7 0.004100 736
8 0.003600 176
9 0.004400 40
10 0.003700 8
11 0.004400 2
12 0.004400 1
0 0.034600 12574720
1 0.013600 3143680
2 0.004800 785408
3 0.005100 196096
4 0.008100 48896
5 0.006700 12160
6 0.004900 3008
7 0.003500 736
8 0.003400 176
9 0.003100 40
10 0.003600 8
11 0.005900 2
12 0.006200 1
0 0.033200 12574720
1 0.012800 3143680
2 0.007200 785408
3 0.004400 196096
4 0.004000 48896
5 0.004200 12160
6 0.004100 3008
7 0.007700 736
8 0.004600 176
9 0.006900 40
10 0.004000 8
11 0.003200 2
12 0.004700 1
0 0.034000 12574720
1 0.011400 3143680
2 0.005000 785408
3 0.007000 196096
4 0.005600 48896
5 0.004300 12160
6 0.004800 3008
7 0.003900 736
8 0.005900 176
9 0.006100 40
10 0.005300 8
11 0.004200 2
12 0.003600 1
0 0.028200 12574720
1 0.010800 3143680
2 0.005500 785408
3 0.004100 196096
4 0.004200 48896
5 0.004500 12160
6 0.003600 3008
7 0.006400 736
8 0.003600 176
9 0.003900 40
10 0.004200 8
11 0.003200 2
12 0.003500 1
0 0.030700 12574720
1 0.011900 3143680
2 0.004300 785408
3 0.005000 196096
4 0.003400 48896
5 0.003600 12160
6 0.007300 3008
7 0.006500 736
8 0.005000 176
9 0.004200 40
10 0.004400 8
11 0.003600 2
12 0.004100 1
0 0.047200 12574720
1 0.017000 3143680
2 0.008500 785408
3 0.006100 196096
4 0.005600 48896
5 0.003300 12160
6 0.009400 3008
7 0.005500 736
8 0.005900 176
9 0.004600 40
10 0.006500 8
11 0.004500 2
12 0.006000 1
0 0.117500 12574720
1 0.016400 3143680
2 0.004000 785408
3 0.003200 196096
4 0.003800 48896
5 0.004900 12160
6 0.003300 3008
7 0.003200 736
8 0.005800 176
9 0.004200 40
10 0.003600 8
11 0.003200 2
12 0.003900 1
0 0.031300 12574720
1 0.010400 3143680
2 0.007100 785408
3 0.004800 196096
4 0.003600 48896
5 0.003600 12160
6 0.003700 3008
7 0.002500 736
8 0.006000 176
9 0.005000 40
10 0.005500 8
11 0.005500 2
12 0.006100 1
0 0.077200 12574720
1 0.013600 3143680
2 0.004700 785408
3 0.006600 196096
4 0.004500 48896
5 0.009500 12160
6 0.006200 3008
7 0.006000 736
8 0.004300 176
9 0.003200 40
10 0.002700 8
11 0.006200 2
12 0.004300 1
0 0.329400 12574720
1 0.225300 3143680
2 0.007200 785408
3 0.004100 196096
4 0.006200 48896
5 0.005400 12160
6 0.003800 3008
7 0.002800 736
8 0.002900 176
9 0.003100 40
10 0.002500 8
11 0.002600 2
12 0.003900 1
0 0.033500 12574720
1 0.016800 3143680
2 0.008100 785408
3 0.006000 196096
4 0.004500 48896
5 0.003800 12160
6 0.003600 3008
7 0.005800 736
8 0.004700 176
9 0.005600 40
10 0.003700 8
11 0.005300 2
12 0.004000 1
0 0.045800 12574720
1 0.014900 3143680
2 0.005800 785408
3 0.010000 196096
4 0.004700 48896
5 0.003600 12160
6 0.003100 3008
7 0.006000 736
8 0.005500 176
9 0.004400 40
10 0.006000 8
11 0.004500 2
12 0.003700 1
0 0.231000 12574720
1 0.183800 3143680
2 0.008600 785408
3 0.006600 196096
4 0.006600 48896
5 0.005100 12160
6 0.005600 3008
7 0.007200 736
8 0.004200 176
9 0.003300 40
10 0.002800 8
11 0.002700 2
12 0.002200 1
0 0.423600 12574720
1 0.320500 3143680
2 0.006200 785408
3 0.005100 196096
4 0.003600 48896
5 0.009800 12160
6 0.008300 3008
7 0.007500 736
8 0.007600 176
9 0.007300 40
10 0.004800 8
11 0.004700 2
12 0.003400 1
0 0.031600 12574720
1 0.012100 3143680
2 0.003500 785408
3 0.002700 196096
4 0.002100 48896
5 0.002300 12160
6 0.002000 3008
7 0.002900 736
8 0.003500 176
9 0.004900 40
10 0.002800 8
11 0.004500 2
12 0.002900 1
0 0.045500 12574720
1 0.010700 3143680
2 0.008100 785408
3 0.004900 196096
4 0.004100 48896
5 0.003300 12160
6 0.004400 3008
7 0.002800 736
8 0.003600 176
9 0.003800 40
10 0.003200 8
11 0.003800 2
12 0.010200 1
0 0.320500 12574720
1 0.242900 3143680
2 0.010500 785408
3 0.004700 196096
4 0.004600 48896
5 0.004000 12160
6 0.005800 3008
7 0.006100 736
8 0.003900 176
9 0.004000 40
10 0.003300 8
11 0.003500 2
12 0.005400 1
0 0.039300 12574720
1 0.016100 3143680
2 0.005300 785408
3 0.003300 196096
4 0.004400 48896
5 0.006800 12160
6 0.007200 3008
7 0.005100 736
8 0.004400 176
9 0.012300 40
10 0.010100 8
11 0.005500 2
12 0.008000 1
0 0.049400 12574720
1 0.015600 3143680
2 0.008300 785408
3 0.004600 196096
4 0.003900 48896
5 0.002700 12160
6 0.003500 3008
7 0.003000 736
8 0.004300 176
9 0.003800 40
10 0.004200 8
11 0.003100 2
12 0.004900 1
0 0.247200 12574720
1 0.188000 3143680
2 0.004900 785408
3 0.003800 196096
4 0.002500 48896
5 0.003300 12160
6 0.002100 3008
7 0.002000 736
8 0.002200 176
9 0.002200 40
10 0.001900 8
11 0.001700 2
12 0.001800 1
0 0.513200 12574720
1 9.711600 3143680
2 0.015700 785408
3 0.012800 196096
4 0.008900 48896
5 0.006400 12160
6 0.007000 3008
7 0.006500 736
8 0.006900 176
9 0.007900 40
10 0.006200 8
11 0.006400 2
12 0.009700 1
0 0.034400 12574720
1 11.014800 3143680
2 0.009400 785408
3 0.004100 196096
4 0.002900 48896
5 0.002600 12160
6 0.004000 3008
7 0.002600 736
8 0.002500 176
9 0.002400 40
10 0.003100 8
11 0.002400 2
12 0.002900 1
0 0.040700 12574720
1 0.009400 3143680
2 0.004000 785408
3 0.003400 196096
4 0.002700 48896
5 0.002600 12160
6 0.002500 3008
7 0.017600 736
8 0.004500 176
9 0.003200 40
10 0.002800 8
11 0.005100 2
12 0.004400 1
0 0.320000 12574720
1 1.446600 3143680
2 0.006600 785408
3 0.003200 196096
4 0.002900 48896
5 0.002400 12160
6 0.002200 3008
7 0.002000 736
8 0.002000 176
9 0.002000 40
10 0.002100 8
11 0.002700 2
12 0.002000 1
0 0.029900 12574720
1 14.160100 3143680
2 0.008300 785408
3 0.004600 196096
4 0.003300 48896
5 0.002800 12160
6 0.003300 3008
7 0.002600 736
8 0.002900 176
9 0.002300 40
10 0.002100 8
11 0.003100 2
12 0.002900 1
0 0.029200 12574720
1 0.009900 3143680
2 0.003300 785408
3 0.002500 196096
4 0.002700 48896
5 0.002400 12160
6 0.002200 3008
7 0.002000 736
8 0.002500 176
9 0.002000 40
10 0.003000 8
11 0.003100 2
12 0.002300 1
0 0.029600 12574720
1 10.342600 3143680
2 0.007800 785408
3 0.002900 196096
4 0.003000 48896
5 0.002000 12160
6 0.001800 3008
7 0.002200 736
8 0.001800 176
9 0.001500 40
10 0.002200 8
11 0.002700 2
12 0.003100 1
0 0.028800 12574720
1 0.008600 3143680
2 0.004200 785408
3 0.003200 196096
4 0.002900 48896
5 0.002500 12160
6 0.002400 3008
7 0.002400 736
8 0.002400 176
9 0.001600 40
10 0.002100 8
11 0.001800 2
12 0.001700 1
0 0.029300 12574720
1 15.150200 3143680
2 0.009100 785408
3 0.002900 196096
4 0.002100 48896
5 0.001800 12160
6 0.003400 3008
7 0.004700 736
8 0.011800 176
9 0.004000 40
10 0.003200 8
11 0.002700 2
12 0.002800 1
0 0.037700 12574720
1 0.013300 3143680
2 0.007200 785408
3 0.003900 196096
4 0.003600 48896
5 0.003100 12160
6 0.002800 3008
7 0.003700 736
8 0.003600 176
9 0.003500 40
10 0.003800 8
11 0.002700 2
12 0.003400 1
0 0.029700 12574720
1 12.037000 3143680
2 0.012500 785408
3 0.005800 196096
4 0.004000 48896
5 0.002600 12160
6 0.002500 3008
7 0.002300 736
8 0.002200 176
9 0.002300 40
10 0.002100 8
11 0.001800 2
12 0.001600 1
0 0.030900 12574720
1 0.009200 3143680
2 0.003400 785408
3 0.002400 196096
4 0.006000 48896
5 0.005400 12160
6 0.004400 3008
7 0.003400 736
8 0.002500 176
9 0.003300 40
10 0.002600 8
11 0.002400 2
12 0.005000 1
0 0.041200 12574720
1 17.337200 3143680
2 0.014700 785408
3 0.005400 196096
4 0.006500 48896
5 0.005800 12160
6 0.004700 3008
7 0.006100 736
8 0.005400 176
9 0.003300 40
10 0.005300 8
11 0.005000 2
12 0.004800 1
0 0.029800 12574720
1 0.009700 3143680
2 0.005400 785408
3 0.005800 196096
4 0.004000 48896
5 0.002900 12160
6 0.002000 3008
7 0.002000 736
8 0.001800 176
9 0.002200 40
10 0.002600 8
11 0.006800 2
12 0.003900 1
0 0.377000 12574720
1 0.288200 3143680
2 0.009400 785408
3 0.003700 196096
4 0.007800 48896
5 0.005900 12160
6 0.006200 3008
7 0.005000 736
8 0.009200 176
9 0.008500 40
10 0.004700 8
11 0.004900 2
12 0.003100 1
0 0.056800 12574720
1 0.016800 3143680
2 0.009300 785408
3 0.005600 196096
4 0.003400 48896
5 0.002500 12160
6 0.004100 3008
7 0.003900 736
8 0.002600 176
9 0.002200 40
10 0.002300 8
11 0.005000 2
12 0.003600 1
0 0.031800 12574720
1 0.011300 3143680
2 0.006700 785408
3 0.004100 196096
4 0.003700 48896
5 0.003900 12160
6 0.003700 3008
7 0.006000 736
8 0.003400 176
9 0.002900 40
10 0.002700 8
11 0.003300 2
12 0.003200 1
0 0.343800 12574720
1 0.194900 3143680
2 0.004600 785408
3 0.004000 196096
4 0.003900 48896
5 0.005200 12160
6 0.002700 3008
7 0.003300 736
8 0.002800 176
9 0.003300 40
10 0.005800 8
11 0.003200 2
12 0.003000 1
0 0.028700 12574720
1 0.009700 3143680
2 0.006300 785408
3 0.004300 196096
4 0.003900 48896
5 0.002700 12160
6 0.002300 3008
7 0.005300 736
8 0.003900 176
9 0.003500 40
10 0.003500 8
11 0.003100 2
12 0.003000 1
0 0.036300 12574720
1 0.012500 3143680
2 0.005400 785408
3 0.006600 196096
4 0.004800 48896
5 0.002700 12160
6 0.002900 3008
7 0.002700 736
8 0.004500 176
9 0.003800 40
10 0.002700 8
11 0.005400 2
12 0.004400 1
0 0.208100 12574720
1 0.200300 3143680
2 0.006300 785408
3 0.004000 196096
4 0.005000 48896
5 0.003300 12160
6 0.002500 3008
7 0.002700 736
8 0.002100 176
9 0.001900 40
10 0.002400 8
11 0.002500 2
12 0.002600 1
0 0.031100 12574720
1 0.011800 3143680
2 0.004900 785408
3 0.003400 196096
4 0.002900 48896
5 0.005200 12160
6 0.004700 3008
7 0.004200 736
8 0.002800 176
9 0.003300 40
10 0.003100 8
11 0.003000 2
12 0.002900 1
0 0.028900 12574720
1 0.010000 3143680
2 0.003800 785408
3 0.005200 196096
4 0.005400 48896
5 0.002300 12160
6 0.002300 3008
7 0.002200 736
8 0.003000 176
9 0.003000 40
10 0.002700 8
11 0.006300 2
12 0.004200 1
0 0.304800 12574720
1 0.281500 3143680
2 0.005800 785408
3 0.003800 196096
4 0.003000 48896
5 0.003000 12160
6 0.003800 3008
7 0.002700 736
8 0.002600 176
9 0.002800 40
10 0.002800 8
11 0.002800 2
12 0.002200 1
0 0.033100 12574720
1 0.010100 3143680
2 0.004100 785408
3 0.004200 196096
4 0.003900 48896
5 0.003700 12160
6 0.004200 3008
7 0.003400 736
8 0.003400 176
9 0.003700 40
10 0.004000 8
11 0.003000 2
12 0.005900 1
0 0.034500 12574720
1 0.011500 3143680
2 0.004100 785408
3 0.002500 196096
4 0.002400 48896
5 0.005400 12160
6 0.002900 3008
7 0.002500 736
8 0.002400 176
9 0.002600 40
10 0.002900 8
11 0.002800 2
12 0.003100 1
0 0.032200 12574720
1 0.010400 3143680
2 0.003600 785408
3 0.004700 196096
4 0.003400 48896
5 0.003500 12160
6 0.003300 3008
7 0.002400 736
8 0.002900 176
9 0.002900 40
10 0.002500 8
11 0.002900 2
12 0.002700 1
0 0.040100 12574720
1 0.009300 3143680
2 0.011400 785408
3 0.005400 196096
4 0.005100 48896
5 0.006000 12160
6 0.003900 3008
7 0.002300 736
8 0.001900 176
9 0.002700 40
10 0.002400 8
11 0.003400 2
12 0.003300 1
0 0.058900 12574720
1 0.012700 3143680
2 0.010200 785408
3 0.002900 196096
4 0.002900 48896
5 0.002800 12160
6 0.006700 3008
7 0.005900 736
8 0.003800 176
9 0.003100 40
10 0.003400 8
11 0.003400 2
12 0.003200 1
0 0.048100 12574720
1 0.009800 3143680
2 0.004500 785408
3 0.003700 196096
4 0.003300 48896
5 0.003700 12160
6 0.003700 3008
7 0.003000 736
8 0.005800 176
9 0.003000 40
10 0.003300 8
11 0.003200 2
12 0.004000 1
0 0.031600 12574720
1 0.012800 3143680
2 0.004100 785408
3 0.003300 196096
4 0.002700 48896
5 0.002600 12160
6 0.002300 3008
7 0.002300 736
8 0.002000 176
9 0.002200 40
10 0.002200 8
11 0.001600 2
12 0.001600 1
0 0.029100 12574720
1 0.009600 3143680
2 0.003500 785408
3 0.002900 196096
4 0.002500 48896
5 0.002600 12160
6 0.002500 3008
7 0.002300 736
8 0.002200 176
9 0.006300 40
10 0.004100 8
11 0.003200 2
12 0.002700 1
0 0.262100 12574720
1 0.199500 3143680
2 0.004800 785408
3 0.003500 196096
4 0.003400 48896
5 0.002800 12160
6 0.002400 3008
7 0.003000 736
8 0.002600 176
9 0.002700 40
10 0.002100 8
11 0.001900 2
12 0.002200 1
0 0.037600 12574720
1 0.013100 3143680
2 0.005500 785408
3 0.004800 196096
4 0.004900 48896
5 0.004300 12160
6 0.004500 3008
7 0.007700 736
8 0.004300 176
9 0.003800 40
10 0.003700 8
11 0.002900 2
12 0.002700 1
0 0.031500 12574720
1 0.011500 3143680
2 0.004000 785408
3 0.003500 196096
4 0.004900 48896
5 0.002700 12160
6 0.004300 3008
7 0.004400 736
8 0.002400 176
9 0.002200 40
10 0.003100 8
11 0.002700 2
12 0.002500 1
0 0.241100 12574720
1 0.198900 3143680
2 0.005200 785408
3 0.003500 196096
4 0.002900 48896
5 0.003800 12160
6 0.003200 3008
7 0.002400 736
8 0.002300 176
9 0.002300 40
10 0.002200 8
11 0.002400 2
12 0.001900 1
0 0.206100 12574720
1 0.183900 3143680
2 0.005000 785408
3 0.004500 196096
4 0.003600 48896
5 0.003600 12160
6 0.002500 3008
7 0.002300 736
8 0.002300 176
9 0.006000 40
10 0.013000 8
11 0.008200 2
12 0.003700 1
0 0.033000 12574720
1 0.010700 3143680
2 0.006900 785408
3 0.004800 196096
4 0.004000 48896
5 0.004500 12160
6 0.004300 3008
7 0.003400 736
8 0.003300 176
9 0.002900 40
10 0.004000 8
11 0.003400 2
12 0.003400 1
0 0.032900 12574720
1 0.010700 3143680
2 0.004300 785408
3 0.003300 196096
4 0.004800 48896
5 0.003800 12160
6 0.003700 3008
7 0.004600 736
8 0.003000 176
9 0.003600 40
10 0.003400 8
11 0.003700 2
12 0.005900 1
0 0.028700 12574720
1 0.010400 3143680
2 0.004300 785408
3 0.003000 196096
4 0.003000 48896
5 0.002600 12160
6 0.002500 3008
7 0.005500 736
8 0.003900 176
9 0.002700 40
10 0.002000 8
11 0.001800 2
12 0.001600 1
0 0.030600 12574720
1 0.010400 3143680
2 0.003700 785408
3 0.002300 196096
4 0.002400 48896
5 0.002400 12160
6 0.002500 3008
7 0.002200 736
8 0.005700 176
9 0.004200 40
10 0.003700 8
11 0.005700 2
12 0.005200 1
0 0.283300 12574720
1 0.181400 3143680
2 0.004800 785408
3 0.003600 196096
4 0.003200 48896
5 0.003000 12160
6 0.002800 3008
7 0.002900 736
8 0.002300 176
9 0.002000 40
10 0.001900 8
11 0.002500 2
12 0.003800 1
0 0.071300 12574720
1 0.010300 3143680
2 0.003700 785408
3 0.002800 196096
4 0.006600 48896
5 0.004300 12160
6 0.003800 3008
7 0.005100 736
8 0.003100 176
9 0.004700 40
10 0.003400 8
11 0.003300 2
12 0.002800 1
0 0.029300 12574720
1 0.025500 3143680
2 0.017400 785408
3 0.006100 196096
4 0.005400 48896
5 0.003700 12160
6 0.005300 3008
7 0.004500 736
8 0.003800 176
9 0.004200 40
10 0.003500 8
11 0.003500 2
12 0.003800 1
0 0.028700 12574720
1 0.010500 3143680
2 0.006200 785408
3 0.010900 196096
4 0.006100 48896
5 0.004600 12160
6 0.006600 3008
7 0.005700 736
8 0.008400 176
9 0.006500 40
10 0.004300 8
11 0.004200 2
12 0.002800 1
0 0.031900 12574720
1 0.011500 3143680
2 0.004500 785408
3 0.003000 196096
4 0.004100 48896
5 0.004600 12160
6 0.004400 3008
7 0.006600 736
8 0.005300 176
9 0.005400 40
10 0.002900 8
11 0.003100 2
12 0.003500 1
0 0.028500 12574720
1 0.009500 3143680
2 0.003700 785408
3 0.003800 196096
4 0.005700 48896
5 0.015400 12160
6 0.010100 3008
7 0.003700 736
8 0.003800 176
9 0.003600 40
10 0.003300 8
11 0.003000 2
12 0.005100 1
0 0.108300 12574720
1 0.016700 3143680
2 0.008500 785408
3 0.004100 196096
4 0.003000 48896
5 0.002500 12160
6 0.002700 3008
7 0.002400 736
8 0.002200 176
9 0.002500 40
10 0.002900 8
11 0.003100 2
12 0.003600 1
0 0.071100 12574720
1 0.012700 3143680
2 0.010400 785408
3 0.006100 196096
4 0.004400 48896
5 0.003200 12160
6 0.003700 3008
7 0.002200 736
8 0.002400 176
9 0.002400 40
10 0.001700 8
11 0.001800 2
12 0.002600 1
0 0.075200 12574720
1 0.009800 3143680
2 0.003600 785408
3 0.002900 196096
4 0.002000 48896
5 0.002300 12160
6 0.002200 3008
7 0.002300 736
8 0.002300 176
9 0.002200 40
10 0.002100 8
11 0.002100 2
12 0.003100 1
0 0.029600 12574720
1 0.010600 3143680
2 0.004000 785408
3 0.003400 196096
4 0.003100 48896
5 0.002600 12160
6 0.002700 3008
7 0.002900 736
8 0.003200 176
9 0.015100 40
10 0.003900 8
11 0.003200 2
12 0.002100 1
0 0.028500 12574720
1 0.010000 3143680
2 0.006300 785408
3 0.003700 196096
4 0.003100 48896
5 0.003200 12160
6 0.003400 3008
7 0.005700 736
8 0.004100 176
9 0.004000 40
10 0.005900 8
11 0.005500 2
12 0.003000 1
0 0.048800 12574720
1 0.020100 3143680
2 0.005600 785408
3 0.007900 196096
4 0.010900 48896
5 0.003400 12160
6 0.003700 3008
7 0.005100 736
8 0.004100 176
9 0.004000 40
10 0.003100 8
11 0.003200 2
12 0.002600 1
0 0.078300 12574720
1 0.009500 3143680
2 0.004400 785408
3 0.002800 196096
4 0.002800 48896
5 0.001900 12160
6 0.002700 3008
7 0.002200 736
8 0.002600 176
9 0.002300 40
10 0.002100 8
11 0.002800 2
12 0.002900 1
0 0.311800 12574720
1 0.188700 3143680
2 0.005400 785408
3 0.003500 196096
4 0.003400 48896
5 0.003100 12160
6 0.002800 3008
7 0.002600 736
8 0.002500 176
9 0.002400 40
10 0.002900 8
11 0.006700 2
12 0.005500 1
0 0.035600 12574720
1 0.009600 3143680
2 0.004100 785408
3 0.002700 196096
4 0.002600 48896
5 0.002200 12160
6 0.001900 3008
7 0.001700 736
8 0.001700 176
9 0.001700 40
10 0.008400 8
11 0.004000 2
12 0.002100 1
0 0.029400 12574720
1 0.011300 3143680
2 0.008000 785408
3 0.006100 196096
4 0.002200 48896
5 0.002000 12160
6 0.002500 3008
7 0.002500 736
8 0.002300 176
9 0.003000 40
10 0.002700 8
11 0.002300 2
12 0.002600 1
0 0.257500 12574720
1 0.210600 3143680
2 0.005000 785408
3 0.004100 196096
4 0.003400 48896
5 0.003100 12160
6 0.002700 3008
7 0.002300 736
8 0.002500 176
9 0.001800 40
10 0.001600 8
11 0.002500 2
12 0.003600 1
0 0.225900 12574720
1 0.190600 3143680
2 0.004600 785408
3 0.003500 196096
4 0.003100 48896
5 0.002800 12160
6 0.002600 3008
7 0.002500 736
8 0.002300 176
9 0.002300 40
10 0.002200 8
11 0.002900 2
12 0.002400 1
0 0.028800 12574720
1 0.012000 3143680
2 0.004600 785408
3 0.004000 196096
4 0.003300 48896
5 0.003200 12160
6 0.003300 3008
7 0.002800 736
8 0.003000 176
9 0.004400 40
10 0.003600 8
11 0.003500 2
12 0.004000 1
0 0.226500 12574720
1 0.200500 3143680
2 0.005200 785408
3 0.003500 196096
4 0.003000 48896
5 0.003100 12160
6 0.002400 3008
7 0.001900 736
8 0.001600 176
9 0.001800 40
10 0.001700 8
11 0.002100 2
12 0.002000 1
0 0.030600 12574720
1 0.010400 3143680
2 0.004100 785408
3 0.003600 196096
4 0.003400 48896
5 0.003000 12160
6 0.004100 3008
7 0.003300 736
8 0.005400 176
9 0.005300 40
10 0.004000 8
11 0.003200 2
12 0.003600 1
0 0.028000 12574720
1 0.009700 3143680
2 0.004500 785408
3 0.003700 196096
4 0.002800 48896
5 0.004300 12160
6 0.002700 3008
7 0.002400 736
8 0.002500 176
9 0.003500 40
10 0.003000 8
11 0.003000 2
12 0.002600 1
0 0.231000 12574720
1 0.237300 3143680
2 0.005800 785408
3 0.003800 196096
4 0.003800 48896
5 0.003300 12160
6 0.003100 3008
7 0.002700 736
8 0.002600 176
9 0.003200 40
10 0.002600 8
11 0.002200 2
12 0.002200 1
0 0.032100 12574720
1 0.010400 3143680
2 0.005300 785408
3 0.005100 196096
4 0.004000 48896
5 0.005800 12160
6 0.004100 3008
7 0.003900 736
8 0.004000 176
9 0.003200 40
10 0.004200 8
11 0.003800 2
12 0.003200 1
0 0.029900 12574720
1 11.235100 3143680
2 0.012800 785408
3 0.009000 196096
4 0.008300 48896
5 0.007700 12160
6 0.008200 3008
7 0.004500 736
8 0.006300 176
9 0.003700 40
10 0.003900 8
11 0.003600 2
12 0.003200 1
0 0.031200 12574720
1 0.010700 3143680
2 0.005700 785408
3 0.004500 196096
4 0.004700 48896
5 0.003900 12160
6 0.003700 3008
7 0.003700 736
8 0.006500 176
9 0.004600 40
10 0.003700 8
11 0.003800 2
12 0.003300 1
0 0.240500 12574720
1 1.036600 3143680
2 0.009500 785408
3 0.004500 196096
4 0.002400 48896
5 0.003000 12160
6 0.007200 3008
7 0.004500 736
8 0.004600 176
9 0.003000 40
10 0.003200 8
11 0.002500 2
12 0.002400 1
0 0.452500 12574720
1 0.731600 3143680
2 0.005200 785408
3 0.003700 196096
4 0.002700 48896
5 0.002700 12160
6 0.003100 3008
7 0.002800 736
8 0.002500 176
9 0.002300 40
10 0.005900 8
11 0.004300 2
12 0.003100 1
0 0.234700 12574720
1 0.023300 3143680
2 0.004600 785408
3 0.003800 196096
4 0.002800 48896
5 0.002500 12160
6 0.002300 3008
7 0.002600 736
8 0.001800 176
9 0.002100 40
10 0.002200 8
11 0.002100 2
12 0.002200 1
0 0.031500 12574720
1 0.009600 3143680
2 0.003600 785408
3 0.005400 196096
4 0.003800 48896
5 0.003000 12160
6 0.002400 3008
7 0.002600 736
8 0.003000 176
9 0.002100 40
10 0.002100 8
11 0.002000 2
12 0.001900 1
0 0.041000 12574720
1 1.645000 3143680
2 0.010600 785408
3 0.003700 196096
4 0.003100 48896
5 0.004400 12160
6 0.003000 3008
7 0.002800 736
8 0.002500 176
9 0.002400 40
10 0.002800 8
11 0.003200 2
12 0.004000 1
0 0.040800 12574720
1 0.014000 3143680
2 0.006400 785408
3 0.005000 196096
4 0.005400 48896
5 0.003800 12160
6 0.003800 3008
7 0.003400 736
8 0.003500 176
9 0.003500 40
10 0.003500 8
11 0.003900 2
12 0.003400 1
0 0.033500 12574720
1 9.969000 3143680
2 0.013000 785408
3 0.005200 196096
4 0.003100 48896
5 0.002300 12160
6 0.002200 3008
7 0.002100 736
8 0.008400 176
9 0.006100 40
10 0.004400 8
11 0.003100 2
12 0.002600 1
0 0.028900 12574720
1 0.010200 3143680
2 0.009900 785408
3 0.006200 196096
4 0.003400 48896
5 0.006300 12160
6 0.003000 3008
7 0.002900 736
8 0.004100 176
9 0.003200 40
10 0.002900 8
11 0.002500 2
12 0.002800 1
0 0.028100 12574720
1 0.015000 3143680
2 0.013500 785408
3 0.009000 196096
4 0.008500 48896
5 0.007500 12160
6 0.002000 3008
7 0.001800 736
8 0.005700 176
9 0.004200 40
10 0.002500 8
11 0.001900 2
12 0.002000 1
0 0.032200 12574720
1 0.009800 3143680
2 0.004300 785408
3 0.003400 196096
4 0.008100 48896
5 0.003500 12160
6 0.002500 3008
7 0.002200 736
8 0.001700 176
9 0.002100 40
10 0.001700 8
11 0.003600 2
12 0.003800 1
0 0.029500 12574720
1 0.011900 3143680
2 0.007100 785408
3 0.005900 196096
4 0.005900 48896
5 0.003500 12160
6 0.002900 3008
7 0.003900 736
8 0.003400 176
9 0.002700 40
10 0.002500 8
11 0.002600 2
12 0.002900 1
0 0.030000 12574720
1 0.009300 3143680
2 0.004500 785408
3 0.004000 196096
4 0.002400 48896
5 0.002700 12160
6 0.006000 3008
7 0.003600 736
8 0.002700 176
9 0.003100 40
10 0.002400 8
11 0.003000 2
12 0.002300 1
0 0.030100 12574720
1 0.008900 3143680
2 0.004000 785408
3 0.003300 196096
4 0.007600 48896
5 0.004000 12160
6 0.002700 3008
7 0.002100 736
8 0.001700 176
9 0.002800 40
10 0.001700 8
11 0.003400 2
12 0.003400 1
0 0.029900 12574720
1 0.011100 3143680
2 0.007000 785408
3 0.005600 196096
4 0.004000 48896
5 0.003900 12160
6 0.003900 3008
7 0.002800 736
8 0.002800 176
9 0.002800 40
10 0.004100 8
11 0.003200 2
12 0.002700 1
0 0.257700 12574720
1 0.185400 3143680
2 0.007000 785408
3 0.005000 196096
4 0.003300 48896
5 0.002800 12160
6 0.002700 3008
7 0.002500 736
8 0.002100 176
9 0.006500 40
10 0.003900 8
11 0.003200 2
12 0.002700 1
0 0.028600 12574720
1 0.009800 3143680
2 0.005400 785408
3 0.003900 196096
4 0.003400 48896
5 0.003200 12160
6 0.003000 3008
7 0.002800 736
8 0.005300 176
9 0.003800 40
10 0.003000 8
11 0.002700 2
12 0.002900 1
0 0.029000 12574720
1 0.009800 3143680
2 0.004800 785408
3 0.004600 196096
4 0.004100 48896
5 0.003500 12160
6 0.002300 3008
7 0.004100 736
8 0.003700 176
9 0.003400 40
10 0.003200 8
11 0.002900 2
12 0.003800 1
0 0.297700 12574720
1 0.159200 3143680
2 0.002500 785408
3 0.001100 196096
4 0.000900 48896
5 0.000900 12160
6 0.000800 3008
7 0.000800 736
8 0.000800 176
9 0.000800 40
10 0.000700 8
11 0.000700 2
12 0.000700 1
0 0.351300 12574720
1 0.325200 3143680
2 0.002500 785408
3 0.001100 196096
4 0.000900 48896
5 0.000800 12160
6 0.000700 3008
7 0.000800 736
8 0.001200 176
9 0.000800 40
10 0.000800 8
11 0.000700 2
12 0.000800 1
0 0.229000 12574720
1 0.165700 3143680
2 0.002400 785408
3 0.001100 196096
4 0.000900 48896
5 0.000800 12160
6 0.000800 3008
7 0.000800 736
8 0.000800 176
9 0.000800 40
10 0.000800 8
11 0.000700 2
12 0.000700 1
0 0.055700 12574720
1 0.008800 3143680
2 0.001100 785408
3 0.000900 196096
4 0.000700 48896
5 0.000700 12160
6 0.000700 3008
7 0.000800 736
8 0.000700 176
9 0.000700 40
10 0.000700 8
11 0.000800 2
12 0.000800 1
0 0.029300 12574720
1 0.009000 3143680
2 0.001300 785408
3 0.000800 196096
4 0.000800 48896
5 0.000800 12160
6 0.000700 3008
7 0.000700 736
8 0.000700 176
9 0.000800 40
10 0.000800 8
11 0.000700 2
12 0.000700 1
0 0.028500 12574720
1 0.010100 3143680
2 0.001200 785408
3 0.000900 196096
4 0.000800 48896
5 0.000800 12160
6 0.000800 3008
7 0.000700 736
8 0.000700 176
9 0.000700 40
10 0.000700 8
11 0.000700 2
12 0.000700 1
0 0.030900 12574720
1 0.009700 3143680
2 0.001100 785408
3 0.000900 196096
4 0.000900 48896
5 0.000700 12160
6 0.000800 3008
7 0.000800 736
8 0.000800 176
9 0.000800 40
10 0.000900 8
11 0.000800 2
12 0.000800 1
0 0.028300 12574720
1 11.873800 3143680
2 0.005600 785408
3 0.001300 196096
4 0.000900 48896
5 0.000700 12160
6 0.000800 3008
7 0.000900 736
8 0.000800 176
9 0.000800 40
10 0.000700 8
11 0.000800 2
12 0.000700 1
0 0.029400 12574720
1 0.008200 3143680
2 0.001200 785408
3 0.001000 196096
4 0.000900 48896
5 0.000900 12160
6 0.000800 3008
7 0.000700 736
8 0.000800 176
9 0.000800 40
10 0.000800 8
11 0.000900 2
12 0.000800 1
0 0.301200 12574720
1 0.629900 3143680
2 0.004200 785408
3 0.001300 196096
4 0.000800 48896
5 0.000800 12160
6 0.000800 3008
7 0.000800 736
8 0.000800 176
9 0.000700 40
10 0.000800 8
11 0.000800 2
12 0.000700 1
0 0.031200 12574720
1 1.161900 3143680
2 0.004800 785408
3 0.001200 196096
4 0.000900 48896
5 0.000800 12160
6 0.000700 3008
7 0.000800 736
8 0.000800 176
9 0.000800 40
10 0.000800 8
11 0.000700 2
12 0.000700 1
0 0.028400 12574720
1 0.008700 3143680
2 0.001200 785408
3 0.000900 196096
4 0.000900 48896
5 0.000800 12160
6 0.000700 3008
7 0.000700 736
8 0.000700 176
9 0.000700 40
10 0.000800 8
11 0.000800 2
12 0.000700 1
0 0.030200 12574720
1 8.850100 3143680
2 0.008700 785408
3 0.002000 196096
4 0.001500 48896
5 0.001300 12160
6 0.000800 3008
7 0.000700 736
8 0.000700 176
9 0.000700 40
10 0.000700 8
11 0.000700 2
12 0.000800 1
0 0.028000 12574720
1 0.008600 3143680
2 0.001200 785408
3 0.000900 196096
4 0.000700 48896
5 0.000800 12160
6 0.000800 3008
7 0.000800 736
8 0.000700 176
9 0.000700 40
10 0.000700 8
11 0.000700 2
12 0.000700 1
0 0.026900 12574720
1 10.263000 3143680
2 0.006300 785408
3 0.001100 196096
4 0.000900 48896
5 0.000800 12160
6 0.000800 3008
7 0.000800 736
8 0.000700 176
9 0.000800 40
10 0.000800 8
11 0.000800 2
12 0.000700 1
0 0.027100 12574720
1 0.008700 3143680
2 0.001200 785408
3 0.000800 196096
4 0.000700 48896
5 0.000700 12160
6 0.000700 3008
7 0.000800 736
8 0.000800 176
9 0.000700 40
10 0.000800 8
11 0.000700 2
12 0.000700 1
0 0.028100 12574720
1 0.008500 3143680
2 0.001200 785408
3 0.000900 196096
4 0.000800 48896
5 0.000700 12160
6 0.000700 3008
7 0.000800 736
8 0.000700 176
9 0.000800 40
10 0.000800 8
11 0.000800 2
12 0.000700 1
0 0.029800 12574720
1 1.911500 3143680
2 0.004900 785408
3 0.001200 196096
4 0.000900 48896
5 0.000800 12160
6 0.000800 3008
7 0.000800 736
8 0.000700 176
9 0.000800 40
10 0.000800 8
11 0.000800 2
12 0.000700 1
0 0.029300 12574720
1 0.009500 3143680
2 0.001500 785408
3 0.000900 196096
4 0.000800 48896
5 0.000800 12160
6 0.000800 3008
7 0.000800 736
8 0.000700 176
9 0.000700 40
10 0.000700 8
11 0.000700 2
12 0.000800 1
0 0.185600 12574720
1 9.842500 3143680
2 0.007100 785408
3 0.001300 196096
4 0.001200 48896
5 0.000700 12160
6 0.000800 3008
7 0.000700 736
8 0.000700 176
9 0.000700 40
10 0.000700 8
11 0.000700 2
12 0.000700 1
0 0.194900 12574720
1 0.133400 3143680
2 0.002700 785408
3 0.001200 196096
4 0.000900 48896
5 0.000700 12160
6 0.000600 3008
7 0.000700 736
8 0.000700 176
9 0.000700 40
10 0.000600 8
11 0.000700 2
12 0.000800 1
0 0.211700 12574720
1 0.152300 3143680
2 0.003000 785408
3 0.001200 196096
4 0.000900 48896
5 0.000800 12160
6 0.000800 3008
7 0.000800 736
8 0.000800 176
9 0.000800 40
10 0.000800 8
11 0.000800 2
12 0.000800 1
0 0.193900 12574720
1 0.133200 3143680
2 0.002300 785408
3 0.002700 196096
4 0.000900 48896
5 0.000800 12160
6 0.000700 3008
7 0.000800 736
8 0.000700 176
9 0.000700 40
10 0.000700 8
11 0.000800 2
12 0.000800 1
0 0.017700 12574720
1 0.007100 3143680
2 0.001100 785408
3 0.000800 196096
4 0.000800 48896
5 0.000800 12160
6 0.000700 3008
7 0.000700 736
8 0.000700 176
9 0.000700 40
10 0.000700 8
11 0.000700 2
12 0.000700 1
0 0.016400 12574720
1 0.006900 3143680
2 0.001200 785408
3 0.000900 196096
4 0.000800 48896
5 0.000800 12160
6 0.000800 3008
7 0.000700 736
8 0.000700 176
9 0.000700 40
10 0.000800 8
11 0.000800 2
12 0.000800 1
0 0.018000 12574720
1 1.835300 3143680
2 0.004300 785408
3 0.001200 196096
4 0.000900 48896
5 0.000800 12160
6 0.000700 3008
7 0.000700 736
8 0.000700 176
9 0.000700 40
10 0.000700 8
11 0.000800 2
12 0.000700 1
0 0.018500 12574720
1 0.007300 3143680
2 0.001300 785408
3 0.001000 196096
4 0.000800 48896
5 0.000800 12160
6 0.000700 3008
7 0.000800 736
8 0.000700 176
9 0.000700 40
10 0.000700 8
11 0.000700 2
12 0.000700 1
0 0.016900 12574720
1 0.930900 3143680
2 0.004600 785408
3 0.001000 196096
4 0.000800 48896
5 0.000800 12160
6 0.000700 3008
7 0.000700 736
8 0.000700 176
9 0.000700 40
10 0.000700 8
11 0.000700 2
12 0.000700 1
0 0.018500 12574720
1 0.006800 3143680
2 0.001000 785408
3 0.000800 196096
4 0.000800 48896
5 0.000700 12160
6 0.000800 3008
7 0.000800 736
8 0.000800 176
9 0.000700 40
10 0.000800 8
11 0.000700 2
12 0.000700 1
0 0.200700 12574720
1 0.138100 3143680
2 0.002300 785408
3 0.001000 196096
4 0.000900 48896
5 0.000800 12160
6 0.000700 3008
7 0.000800 736
8 0.000700 176
9 0.000700 40
10 0.000700 8
11 0.000700 2
12 0.000800 1
0 0.185500 12574720
1 0.171200 3143680
2 0.002500 785408
3 0.000900 196096
4 0.000800 48896
5 0.000700 12160
6 0.000600 3008
7 0.000600 736
8 0.000600 176
9 0.002100 40
10 0.000700 8
11 0.000500 2
12 0.000600 1
0 0.188100 12574720
1 0.135000 3143680
2 0.004800 785408
3 0.002800 196096
4 0.000800 48896
5 0.001000 12160
6 0.000700 3008
7 0.000700 736
8 0.000700 176
9 0.000900 40
10 0.000700 8
11 0.000800 2
12 0.000700 1
0 0.242200 12574720
1 0.150200 3143680
2 0.003100 785408
3 0.002800 196096
4 0.000800 48896
5 0.000900 12160
6 0.000700 3008
7 0.000700 736
8 0.000600 176
9 0.000900 40
10 0.000600 8
11 0.000600 2
12 0.000700 1
0 0.016600 12574720
1 0.005300 3143680
2 0.001100 785408
3 0.002000 196096
4 0.000700 48896
5 0.000900 12160
6 0.000700 3008
7 0.000600 736
8 0.000600 176
9 0.000900 40
10 0.000600 8
11 0.000700 2
12 0.000600 1
0 0.017700 12574720
1 0.005200 3143680
2 0.001200 785408
3 0.002000 196096
4 0.000700 48896
5 0.000900 12160
6 0.001200 3008
7 0.000700 736
8 0.000700 176
9 0.001100 40
10 0.000700 8
11 0.000700 2
12 0.000700 1
0 0.155500 12574720
1 0.210600 3143680
2 0.012800 785408
3 0.008400 196096
4 0.006100 48896
5 0.006400 12160
6 0.006600 3008
7 0.007000 736
8 0.007100 176
9 0.007700 40
10 0.007700 8
11 0.008300 2
12 0.008600 1
0 0.018000 12574720
1 0.023600 3143680
2 0.006900 785408
3 0.006800 196096
4 0.005400 48896
5 0.006500 12160
6 0.006200 3008
7 0.006500 736
8 0.006600 176
9 0.007500 40
10 0.007400 8
11 0.007700 2
12 0.008000 1
0 0.017800 12574720
1 0.025200 3143680
2 0.006500 785408
3 0.006700 196096
4 0.005600 48896
5 0.006700 12160
6 0.006500 3008
7 0.006900 736
8 0.007200 176
9 0.008100 40
10 0.007700 8
11 0.008300 2
12 0.008300 1
0 0.241500 12574720
1 0.222000 3143680
2 0.013200 785408
3 0.008200 196096
4 0.006300 48896
5 0.006500 12160
6 0.006700 3008
7 0.028600 736
8 0.010800 176
9 0.009000 40
10 0.008400 8
11 0.008500 2
12 0.008500 1
0 0.018900 12574720
1 0.024000 3143680
2 0.006800 785408
3 0.006700 196096
4 0.005600 48896
5 0.006200 12160
6 0.006600 3008
7 0.006800 736
8 0.007100 176
9 0.007800 40
10 0.007600 8
11 0.008000 2
12 0.008100 1
0 0.020300 12574720
1 0.028200 3143680
2 0.008500 785408
3 0.008100 196096
4 0.007000 48896
5 0.007500 12160
6 0.007600 3008
7 0.008200 736
8 0.008500 176
9 0.009500 40
10 0.009300 8
11 0.010000 2
12 0.010100 1
0 0.154100 12574720
1 0.139700 3143680
2 0.002300 785408
3 0.001100 196096
4 0.000900 48896
5 0.000900 12160
6 0.000800 3008
7 0.000800 736
8 0.000700 176
9 0.000800 40
10 0.000800 8
11 0.000800 2
12 0.000700 1
0 0.182200 12574720
1 0.139100 3143680
0 0.201700 12574720
0 0.030100 12574720
0 0.026700 12574720
0 0.018300 12574720
0 0.021200 12574720
0 0.030500 12574720
0 0.039500 12574720
0 0.025200 12574720
0 0.021800 12574720
0 0.021300 12574720
0 0.024600 12574720
0 0.019000 12574720
0 0.023000 12574720
0 0.021400 12574720
0 0.062400 12574720
0 0.043500 12574720
0 0.018000 12574720
0 0.267400 12574720
0 0.312500 12574720
1 25.479200 3143680
0 0.018800 12574720
1 0.007500 3143680
0 0.017600 12574720
1 0.008000 3143680
0 0.026900 12574720
1 0.008900 3143680
0 0.051000 12574720
1 0.008300 3143680
0 0.047900 12574720
1 0.008000 3143680
0 0.018100 12574720
1 0.008000 3143680
0 0.018700 12574720
1 0.007300 3143680
0 0.018900 12574720
1 0.008600 3143680
0 0.015000 12574720
1 0.006200 3143680
0 0.231700 12574720
1 0.158400 3143680
0 0.019800 12574720
1 0.008200 3143680
0 0.018900 12574720
1 0.008100 3143680
0 0.019400 12574720
1 0.007900 3143680
0 0.019400 12574720
1 0.007500 3143680
0 0.025700 12574720
1 0.008800 3143680
0 0.031000 12574720
1 0.009400 3143680
0 0.271800 12574720
1 0.151500 3143680
0 0.017900 12574720
1 0.007300 3143680
0 0.017400 12574720
1 0.007600 3143680
0 0.031800 12574720
1 0.009400 3143680
0 0.197700 12574720
1 0.150000 3143680
0 0.018800 12574720
1 0.008100 3143680
0 0.018200 12574720
1 0.007800 3143680
0 0.022700 12574720
1 0.007600 3143680
0 0.189200 12574720
1 0.158500 3143680
0 0.017600 12574720
1 0.009500 3143680
0 0.019000 12574720
1 0.009200 3143680
0 0.024000 12574720
1 0.010800 3143680
0 0.046600 12574720
1 0.008800 3143680
0 0.044200 12574720
1 0.008800 3143680
0 0.020800 12574720
1 0.010500 3143680
0 0.021100 12574720
1 0.008100 3143680
0 0.183200 12574720
1 0.137700 3143680
0 0.021000 12574720
1 0.008500 3143680
0 0.023900 12574720
1 0.008300 3143680
0 0.018700 12574720
1 0.006500 3143680
0 0.199900 12574720
1 0.139700 3143680
0 0.018600 12574720
1 0.007900 3143680
0 0.018500 12574720
1 0.007900 3143680
0 0.025400 12574720
1 0.008700 3143680
0 0.228700 12574720
1 0.140400 3143680
0 0.020100 12574720
1 0.009000 3143680
0 0.017700 12574720
1 0.008300 3143680
0 0.019000 12574720
1 0.007900 3143680
0 0.018300 12574720
1 0.007500 3143680
0 0.025100 12574720
1 0.008100 3143680
0 0.019800 12574720
1 0.008300 3143680
0 0.218000 12574720
1 0.141200 3143680
0 0.026600 12574720
1 0.009600 3143680
0 0.023500 12574720
1 0.008300 3143680
0 0.076500 12574720
1 0.022300 3143680
0 0.186200 12574720
1 0.148000 3143680
0 0.199700 12574720
1 0.150500 3143680
0 0.248800 12574720
1 0.144600 3143680
0 0.018900 12574720
1 0.007400 3143680
0 0.018900 12574720
1 0.007700 3143680
0 0.044100 12574720
1 0.007200 3143680
0 0.025700 12574720
1 0.008300 3143680
0 0.234400 12574720
1 0.147200 3143680
0 0.017300 12574720
1 0.009200 3143680
0 0.019200 12574720
1 0.009300 3143680
0 0.028900 12574720
1 0.011000 3143680
0 0.193400 12574720
1 0.153100 3143680
0 0.180100 12574720
1 0.143600 3143680
2 0.003300 785408
3 0.001600 196096
4 0.001100 48896
5 0.001200 12160
6 0.001200 3008
7 0.001100 736
8 0.001000 176
9 0.001100 40
10 0.001200 8
11 0.001100 2
12 0.001100 1
0 0.019400 12574720
1 0.009100 3143680
2 0.001700 785408
3 0.001200 196096
4 0.001100 48896
5 0.001200 12160
6 0.001100 3008
7 0.001100 736
8 0.001100 176
9 0.001200 40
10 0.001100 8
11 0.001000 2
12 0.001100 1
0 0.017400 12574720
1 0.008400 3143680
2 0.001700 785408
3 0.001300 196096
4 0.001100 48896
5 0.001100 12160
6 0.001100 3008
7 0.001100 736
8 0.001000 176
9 0.001100 40
10 0.001100 8
11 0.001100 2
12 0.001000 1
0 0.192700 12574720
1 20.838000 3143680
2 0.010800 785408
3 0.002900 196096
4 0.003000 48896
5 0.008200 12160
6 0.001600 3008
7 0.001100 736
8 0.001100 176
9 0.001100 40
10 0.001100 8
11 0.001100 2
12 0.003200 1
0 0.022300 12574720
1 0.011900 3143680
2 0.001700 785408
3 0.001200 196096
4 0.001100 48896
5 0.000900 12160
6 0.001000 3008
7 0.000900 736
8 0.001000 176
9 0.007000 40
10 0.002300 8
11 0.001400 2
12 0.001200 1
0 0.029200 12574720
1 0.011600 3143680
2 0.002200 785408
3 0.001700 196096
4 0.001700 48896
5 0.001500 12160
6 0.001600 3008
7 0.001500 736
8 0.001600 176
9 0.001600 40
10 0.001600 8
11 0.001700 2
12 0.001500 1
0 0.243500 12574720
1 0.172700 3143680
2 0.003900 785408
3 0.001500 196096
4 0.001300 48896
5 0.001200 12160
6 0.001100 3008
7 0.001100 736
8 0.001400 176
9 0.015100 40
10 0.001200 8
11 0.001800 2
12 0.001500 1
0 0.026500 12574720
1 0.012000 3143680
2 0.001700 785408
3 0.001200 196096
4 0.001100 48896
5 0.001100 12160
6 0.001200 3008
7 0.001100 736
8 0.001100 176
9 0.001100 40
10 0.001100 8
11 0.001100 2
12 0.001200 1
0 0.018700 12574720
1 0.009300 3143680
2 0.006700 785408
3 0.001900 196096
4 0.001300 48896
5 0.001100 12160
6 0.001100 3008
7 0.001100 736
8 0.001100 176
9 0.001000 40
10 0.001000 8
11 0.001000 2
12 0.001100 1
0 0.186000 12574720
1 0.146500 3143680
2 0.003200 785408
3 0.001500 196096
4 0.001200 48896
5 0.001300 12160
6 0.001100 3008
7 0.001100 736
8 0.001200 176
9 0.001100 40
10 0.001100 8
11 0.001200 2
12 0.001200 1
0 0.020100 12574720
1 0.008900 3143680
2 0.001600 785408
3 0.001300 196096
4 0.001100 48896
5 0.001100 12160
6 0.001200 3008
7 0.001100 736
8 0.001100 176
9 0.001100 40
10 0.001100 8
11 0.001100 2
12 0.001100 1
0 0.023700 12574720
1 0.010900 3143680
2 0.003300 785408
3 0.001500 196096
4 0.001200 48896
5 0.001000 12160
6 0.001000 3008
7 0.001100 736
8 0.001100 176
9 0.001100 40
10 0.001100 8
11 0.001000 2
12 0.001100 1
0 0.017900 12574720
1 0.009000 3143680
2 0.001700 785408
3 0.001300 196096
4 0.001100 48896
5 0.001000 12160
6 0.001100 3008
7 0.001100 736
8 0.001100 176
9 0.001100 40
10 0.001100 8
11 0.001100 2
12 0.001100 1
0 0.018000 12574720
1 0.008900 3143680
2 0.001600 785408
3 0.001300 196096
4 0.001100 48896
5 0.001100 12160
6 0.001100 3008
7 0.001000 736
8 0.001100 176
9 0.001000 40
10 0.001100 8
11 0.001100 2
12 0.001000 1
0 0.188600 12574720
1 0.147800 3143680
2 0.003300 785408
3 0.001800 196096
4 0.001400 48896
5 0.001300 12160
6 0.001200 3008
7 0.001200 736
8 0.001200 176
9 0.001200 40
10 0.001100 8
11 0.001200 2
12 0.001200 1
0 0.017500 12574720
1 0.009400 3143680
2 0.001800 785408
3 0.001200 196096
4 0.001100 48896
5 0.001100 12160
6 0.001100 3008
7 0.001200 736
8 0.001100 176
9 0.001100 40
10 0.001000 8
11 0.001100 2
12 0.001100 1
0 0.018300 12574720
1 0.009200 3143680
2 0.001800 785408
3 0.001300 196096
4 0.001200 48896
5 0.001100 12160
6 0.001100 3008
7 0.001100 736
8 0.001100 176
9 0.001100 40
10 0.001000 8
11 0.001000 2
12 0.001000 1
0 0.016700 12574720
1 0.008700 3143680
2 0.001800 785408
3 0.001400 196096
4 0.001300 48896
5 0.001100 12160
6 0.001100 3008
7 0.001100 736
8 0.001200 176
9 0.001100 40
10 0.001000 8
11 0.001100 2
12 0.001100 1
0 0.023700 12574720
1 0.011000 3143680
2 0.001800 785408
3 0.001300 196096
4 0.001100 48896
5 0.001100 12160
6 0.001100 3008
7 0.001100 736
8 0.001100 176
9 0.001100 40
10 0.001100 8
11 0.001100 2
12 0.001000 1
0 0.018300 12574720
1 0.009000 3143680
2 0.001800 785408
3 0.001400 196096
4 0.001200 48896
5 0.001200 12160
6 0.001100 3008
7 0.001100 736
8 0.001000 176
9 0.001000 40
10 0.000900 8
11 0.001000 2
12 0.001000 1
0 0.016600 12574720
1 0.007900 3143680
2 0.001700 785408
3 0.001300 196096
4 0.001200 48896
5 0.001100 12160
6 0.001000 3008
7 0.001100 736
8 0.001100 176
9 0.002300 40
10 0.001000 8
11 0.001000 2
12 0.001100 1
0 0.198000 12574720
1 0.166600 3143680
2 0.003300 785408
3 0.001500 196096
4 0.001200 48896
5 0.001100 12160
6 0.001200 3008
7 0.001000 736
8 0.001100 176
9 0.001200 40
10 0.001100 8
11 0.001200 2
12 0.001400 1
0 0.037100 12574720
1 0.014300 3143680
2 0.001800 785408
3 0.001200 196096
4 0.001100 48896
5 0.001000 12160
6 0.001000 3008
7 0.001000 736
8 0.000900 176
9 0.001000 40
10 0.001000 8
11 0.001000 2
12 0.001000 1
0 0.017600 12574720
1 0.008500 3143680
2 0.001700 785408
3 0.001300 196096
4 0.001200 48896
5 0.001000 12160
6 0.001100 3008
7 0.001000 736
8 0.001200 176
9 0.001000 40
10 0.001100 8
11 0.001000 2
12 0.001100 1
0 0.044200 12574720
1 0.014600 3143680
2 0.002100 785408
3 0.001800 196096
4 0.001600 48896
5 0.001600 12160
6 0.001200 3008
7 0.003100 736
8 0.001600 176
9 0.001100 40
10 0.002200 8
11 0.003500 2
12 0.002000 1
0 0.017300 12574720
1 0.008400 3143680
2 0.001500 785408
3 0.001200 196096
4 0.001100 48896
5 0.001100 12160
6 0.001000 3008
7 0.001100 736
8 0.001100 176
9 0.001000 40
10 0.000900 8
11 0.001000 2
12 0.001100 1
0 0.193500 12574720
1 0.434000 3143680
2 0.006700 785408
3 0.001900 196096
4 0.001400 48896
5 0.001200 12160
6 0.001200 3008
7 0.001200 736
8 0.001200 176
9 0.001100 40
10 0.001100 8
11 0.002000 2
12 0.001100 1
0 0.018000 12574720
1 0.008600 3143680
2 0.001700 785408
3 0.001300 196096
4 0.001200 48896
5 0.001100 12160
6 0.002300 3008
7 0.001100 736
8 0.001100 176
9 0.001100 40
10 0.001000 8
11 0.001000 2
12 0.001000 1
0 0.018100 12574720
1 0.009000 3143680
2 0.001600 785408
3 0.001100 196096
4 0.001100 48896
5 0.001000 12160
6 0.001000 3008
7 0.001100 736
8 0.001100 176
9 0.001000 40
10 0.001000 8
11 0.001000 2
12 0.001100 1
0 0.171600 12574720
1 0.184900 3143680
2 0.003400 785408
3 0.001600 196096
4 0.001300 48896
5 0.001200 12160
6 0.001100 3008
7 0.001100 736
8 0.001200 176
9 0.001200 40
10 0.001300 8
11 0.001200 2
12 0.001300 1
0 0.022700 12574720
1 0.009900 3143680
2 0.001500 785408
3 0.001200 196096
4 0.001100 48896
5 0.001000 12160
6 0.001000 3008
7 0.001100 736
8 0.001100 176
9 0.001000 40
10 0.001100 8
11 0.001000 2
12 0.001000 1
0 0.018000 12574720
1 0.009400 3143680
2 0.001700 785408
3 0.001200 196096
4 0.001100 48896
5 0.001100 12160
6 0.001100 3008
7 0.001100 736
8 0.001100 176
9 0.001000 40
10 0.001100 8
11 0.001000 2
12 0.001000 1
0 0.181200 12574720
1 0.145000 3143680
2 0.003100 785408
3 0.001500 196096
4 0.001300 48896
5 0.001200 12160
6 0.001300 3008
7 0.001100 736
8 0.001100 176
9 0.001100 40
10 0.001100 8
11 0.001100 2
12 0.001100 1
0 0.018700 12574720
1 0.009100 3143680
2 0.001700 785408
3 0.001300 196096
4 0.001100 48896
5 0.001100 12160
6 0.012800 3008
7 0.001900 736
8 0.001200 176
9 0.004400 40
10 0.001300 8
11 0.001200 2
12 0.001000 1
0 0.020500 12574720
1 0.009400 3143680
2 0.001700 785408
3 0.001300 196096
4 0.001100 48896
5 0.001100 12160
6 0.001100 3008
7 0.001100 736
8 0.001000 176
9 0.001200 40
10 0.001100 8
11 0.001000 2
12 0.001100 1
0 0.022300 12574720
1 16.371200 3143680
2 0.010100 785408
3 0.002000 196096
4 0.001200 48896
5 0.001100 12160
6 0.001100 3008
7 0.001000 736
8 0.001000 176
9 0.001100 40
10 0.001300 8
11 0.001000 2
12 0.001100 1
0 0.018300 12574720
1 0.009200 3143680
2 0.001700 785408
3 0.001200 196096
4 0.001200 48896
5 0.001000 12160
6 0.001100 3008
7 0.001000 736
8 0.001100 176
9 0.001000 40
10 0.001100 8
11 0.001200 2
12 0.001100 1
0 0.017100 12574720
1 11.543900 3143680
2 0.010000 785408
3 0.001900 196096
4 0.001500 48896
5 0.001400 12160
6 0.001300 3008
7 0.001300 736
8 0.001300 176
9 0.001300 40
10 0.001300 8
11 0.001300 2
12 0.001300 1
0 0.016900 12574720
1 0.008800 3143680
2 0.001800 785408
3 0.001400 196096
4 0.001000 48896
5 0.001100 12160
6 0.001000 3008
7 0.001400 736
8 0.001100 176
9 0.001200 40
10 0.001100 8
11 0.001000 2
12 0.001000 1
0 0.017000 12574720
1 0.008500 3143680
2 0.001600 785408
3 0.001300 196096
4 0.001200 48896
5 0.001100 12160
6 0.001000 3008
7 0.001100 736
8 0.001100 176
9 0.001000 40
10 0.001000 8
11 0.001100 2
12 0.001000 1
0 0.018900 12574720
1 0.008600 3143680
2 0.001700 785408
3 0.001200 196096
4 0.001100 48896
5 0.001100 12160
6 0.001000 3008
7 0.001100 736
8 0.001000 176
9 0.001000 40
10 0.001000 8
11 0.001000 2
12 0.001100 1
0 0.193000 12574720
1 0.148400 3143680
2 0.003600 785408
3 0.001600 196096
4 0.001400 48896
5 0.001200 12160
6 0.001200 3008
7 0.001200 736
8 0.001200 176
9 0.001100 40
10 0.001200 8
11 0.001100 2
12 0.001200 1
0 0.197000 12574720
1 0.145000 3143680
2 0.003300 785408
3 0.001500 196096
4 0.001200 48896
5 0.002700 12160
6 0.001300 3008
7 0.001200 736
8 0.001200 176
9 0.001300 40
10 0.001200 8
11 0.001100 2
12 0.001000 1
0 0.323500 12574720
1 1.995700 3143680
2 0.006600 785408
3 0.001600 196096
4 0.001100 48896
5 0.001000 12160
6 0.007500 3008
7 0.002200 736
8 0.001400 176
9 0.002100 40
10 0.001100 8
11 0.001000 2
12 0.001000 1
0 0.300100 12574720
1 1.818400 3143680
2 0.005200 785408
3 0.002600 196096
4 0.001400 48896
5 0.001300 12160
6 0.001200 3008
7 0.001200 736
8 0.001300 176
9 0.001100 40
10 0.002200 8
11 0.001100 2
12 0.001100 1
0 0.016000 12574720
1 10.553000 3143680
2 0.005600 785408
3 0.001700 196096
4 0.001300 48896
5 0.001300 12160
6 0.001200 3008
7 0.001200 736
8 0.001200 176
9 0.001200 40
10 0.001100 8
11 0.001300 2
12 0.001200 1
0 0.018100 12574720
1 0.008700 3143680
2 0.001600 785408
3 0.001300 196096
4 0.001200 48896
5 0.001200 12160
6 0.001200 3008
7 0.001200 736
8 0.001100 176
9 0.001100 40
10 0.001200 8
11 0.001100 2
12 0.001200 1
